#go to display.py and change DEFAULT_COLOR to [0,0,0]
color
255 250 0
circle
250 250 0 200
circle
250 250 0 199
circle
250 250 0 201
circle
250 250 0 202
color
0 0 0
line
100 380 0 120 400 0
line
100 381 0 120 401 0
line
100 382 0 120 402 0
line
99 383 0 119 403 0
line
99 384 0 119 404 0
line
99 385 0 119 405 0
line
99 386 0 119 406 0
line
101 379 0 121 399 0
line
101 378 0 121 398 0
line
101 377 0 121 397 0
color
255 250 0
bezier
150 300 95 410 405 410 350 300
bezier
150 301 95 411 405 411 350 301
bezier
150 302 95 412 405 412 350 302
bezier
150 303 95 413 405 413 350 303
line
150 300 0 350 300 0
line
150 301 0 350 301 0
color
65 225 45
bezier
150 285 175 210 225 340 250 270
bezier
250 270 290 220 310 345 350 265
bezier
150 286 175 211 225 341 250 271
bezier
250 271 290 221 310 346 350 266
bezier
150 287 175 212 225 342 250 272
bezier
250 272 290 222 310 347 350 267
bezier
150 288 175 212 225 342 250 272
bezier
250 273 290 223 310 348 350 268
bezier
150 288 175 213 225 343 250 273
bezier
250 274 290 224 310 349 350 269
color
255 250 0
bezier
125 205 90 260 420 260 375 205
bezier
125 206 90 261 420 261 375 206
bezier
125 207 90 262 420 262 375 207
bezier
125 208 90 263 420 263 375 208
bezier
125 209 90 264 420 264 375 209
color
220 30 30
line
150 225 0 350 225 0
line
150 224 0 350 224 0
line
150 223 0 350 223 0
line
150 222 0 350 222 0
line
150 221 0 350 221 0
line
150 220 0 350 220 0
line
150 219 0 350 219 0
line
150 218 0 350 218 0
line
150 217 0 350 217 0
line
150 216 0 350 216 0
line
150 215 0 350 215 0
line
150 214 0 350 214 0
color
255 250 0
line
150 200 0 350 200 0
line
150 199 0 350 199 0
bezier
150 200 105 150 405 150 350 200
bezier
150 201 105 151 405 151 350 201
color
65 225 45
line
60 120 0 440 120 0
line
60 119 0 440 119 0
line
60 118 0 440 118 0
line
60 117 0 440 117 0
line
60 116 0 440 116 0
line
60 115 0 440 115 0
display
save
hamburger.png